5+2
a<-3+5
a
a<-a*2
a
.var<-6
.var1<-7
.var+.var1
#_var2<-3
var_2<-4
#6var3<-2